-0.53105193 0.8179461 0.22124101 -0.61766654 -0.19494122 -0.76189536 -0.58006227 -0.54126006 0.60874075
-0.53093326 0.81810117 0.22095214 -0.6170121 -0.19448431 -0.762542 -0.58086675 -0.5411899 0.6080353
-0.5313652 0.8179146 0.22060442 -0.61626536 -0.19453421 -0.76313305 -0.58126444 -0.541454 0.60741985
-0.531828 0.81796545 0.21929657 -0.61466926 -0.19472119 -0.7643715 -0.5825297 -0.5413099 0.6063351
-0.5325745 0.817715 0.21841681 -0.6132977 -0.19499576 -0.7654023 -0.58329254 -0.54158914 0.6053512
-0.5337852 0.81708956 0.21779983 -0.61188257 -0.19543557 -0.76642185 -0.5836717 -0.54237366 0.6042823
-0.53454477 0.81689924 0.21664697 -0.61084646 -0.1962927 -0.76702905 -0.58406156 -0.54235065 0.6039262
-0.53494173 0.8169192 0.2155886 -0.60983163 -0.19673069 -0.76772374 -0.5847579 -0.5421617 0.60342187
-0.53516936 0.8169225 0.21501137 -0.6092424 -0.19694781 -0.7681359 -0.58516383 -0.54207826 0.60310334
-0.5356984 0.8168258 0.21405911 -0.60878175 -0.1979297 -0.76824856 -0.58515894 -0.54186636 0.60329854
-0.53762805 0.8156436 0.21372892 -0.60799026 -0.1993802 -0.76850015 -0.58421123 -0.54311395 0.60309494
-0.53830457 0.8156643 0.21193892 -0.60650706 -0.20034812 -0.7694197 -0.5851291 -0.5427263 0.6025537
-0.5380718 0.81656975 0.20902318 -0.6052466 -0.20170696 -0.77005684 -0.58664614 -0.5408582 0.6027582
-0.5382977 0.81679785 0.20754452 -0.60512143 -0.2032046 -0.7697612 -0.58656794 -0.53995216 0.60364586
-0.53868073 0.816575 0.20742792 -0.6047418 -0.20333666 -0.77002466 -0.58660764 -0.5402397 0.6033499
-0.5384187 0.81692225 0.20673952 -0.6034647 -0.20255823 -0.7712307 -0.5881612 -0.5400069 0.6020442
-0.53830427 0.81700623 0.20670578 -0.60352796 -0.20253758 -0.7711866 -0.588201 -0.5398876 0.6021123
-0.53992426 0.815789 0.20728736 -0.6030581 -0.20312327 -0.7714002 -0.5871972 -0.5415058 0.6016386
-0.540636 0.8152363 0.2076065 -0.60336906 -0.20379902 -0.7709786 -0.58622205 -0.54208386 0.60206866
-0.53976834 0.8156688 0.20816453 -0.6036559 -0.20269449 -0.7710454 -0.58672607 -0.5418473 0.6017905
-0.5362757 0.8177624 0.20897643 -0.6030605 -0.19801189 -0.77272624 -0.5905287 -0.5404213 0.5993482
-0.5344514 0.81851673 0.21068947 -0.60271305 -0.19433118 -0.7739307 -0.5925338 -0.5406153 0.59719026
-0.5336561 0.8182931 0.21355465 -0.6041606 -0.19218759 -0.77333724 -0.59177595 -0.5417189 0.5969414
-0.5314597 0.81920266 0.21553493 -0.60574096 -0.18967223 -0.7727215 -0.5921367 -0.54123026 0.59702677
-0.5277191 0.82214344 0.21351862 -0.60490245 -0.18727227 -0.77396274 -0.59632456 -0.53759444 0.5961428
-0.5272069 0.82370347 0.20871717 -0.60172045 -0.18846175 -0.77615124 -0.59998566 -0.5347833 0.5949967
-0.5297761 0.8241949 0.2000937 -0.5963259 -0.19421296 -0.7788921 -0.60310054 -0.531961 0.59437734
-0.53341067 0.8251745 0.18589662 -0.588178 -0.2039072 -0.7826013 -0.6078794 -0.5267897 0.59411496
-0.5397803 0.8244747 0.16992956 -0.57859147 -0.21674417 -0.78628916 -0.6114465 -0.5227445 0.59402746
-0.5472528 0.82310516 0.1516895 -0.5673943 -0.23161651 -0.790199 -0.61528516 -0.51850766 0.593777
-0.5525283 0.82303387 0.13162485 -0.55529815 -0.24572632 -0.79451823 -0.6215739 -0.51208633 0.5927989
-0.55557734 0.8239977 0.111170806 -0.5429088 -0.25824466 -0.7990973 -0.6297473 -0.50431746 0.59082943
-0.5580797 0.82473505 0.09141342 -0.5296567 -0.26925597 -0.80433923 -0.63875544 -0.49730468 0.58709174
-0.55942047 0.8259945 0.0691306 -0.51441497 -0.2805788 -0.8103391 -0.6499414 -0.48888358 0.58186436
-0.56108993 0.82652676 0.045043726 -0.49985734 -0.294952 -0.8143357 -0.65978676 -0.47943243 0.57863903
-0.5627301 0.826377 0.020808918 -0.4879708 -0.3117612 -0.81528294 -0.667246 -0.4689398 0.5786843
-0.5638908 0.82583946 0.0036636079 -0.47967568 -0.3239113 -0.8154689 -0.672262 -0.46159416 0.57878476
-0.5628304 0.826264 -0.022507418 -0.46500328 -0.33902794 -0.8178194 -0.68336797 -0.4498291 0.57502985
-0.5608873 0.82703835 -0.03754584 -0.45632452 -0.34667924 -0.8194987 -0.6907759 -0.44251478 0.57184505
-0.55949944 0.8270243 -0.054660607 -0.44786647 -0.3571671 -0.81966084 -0.6974052 -0.43412068 0.5702305
-0.5609308 0.8249128 -0.069801055 -0.44074374 -0.36894435 -0.8183042 -0.70078516 -0.42824915 0.5705267
-0.5619846 0.82274073 -0.08524942 -0.4327313 -0.38028032 -0.8173906 -0.704922 -0.4224724 0.56973666
-0.56320626 0.8205324 -0.09757895 -0.42761174 -0.39046538 -0.81528026 -0.70706785 -0.4174465 0.57078105
-0.56522334 0.81795704 -0.10707577 -0.42408344 -0.39944795 -0.8127678 -0.7075831 -0.4139877 0.57265854
-0.5657619 0.81653535 -0.11480406 -0.41964036 -0.40497676 -0.8123377 -0.70979816 -0.4114147 0.5717709
-0.5647309 0.8163032 -0.12134446 -0.41584006 -0.4084718 -0.81254196 -0.7128492 -0.40840915 0.5701275
-0.5628047 0.8170322 -0.1253215 -0.41511163 -0.4104821 -0.81190115 -0.71479446 -0.40492088 0.5701802
-0.5611742 0.8178224 -0.12746175 -0.41363642 -0.4104873 -0.81265116 -0.7169285 -0.4033176 0.5686353
-0.55840766 0.8193266 -0.12992817 -0.4105395 -0.40903702 -0.81494945 -0.720858 -0.4017349 0.5647746
-0.55756897 0.8197044 -0.1311421 -0.40821218 -0.4082984 -0.81648755 -0.72282624 -0.40171584 0.562267
-0.5573972 0.81966496 -0.13211553 -0.405631 -0.40770203 -0.8180706 -0.7244102 -0.40240157 0.55973256
-0.5553283 0.8206926 -0.13442855 -0.4031238 -0.4070353 -0.8196405 -0.7273925 -0.40097964 0.55687785
-0.5554687 0.8201821 -0.13694078 -0.39954084 -0.40768072 -0.82107276 -0.7292598 -0.40136814 0.55414903
-0.5586988 0.8176569 -0.13888837 -0.39391327 -0.40898028 -0.82314295 -0.72985345 -0.40518034 0.5505815
-0.55990326 0.8161504 -0.14284219 -0.3883809 -0.4108093 -0.8248593 -0.73189247 -0.40636557 0.54698956
-0.5607159 0.8150137 -0.14610666 -0.38676667 -0.41382825 -0.82410836 -0.7321251 -0.40558285 0.54725915
-0.56589663 0.81083477 -0.14934878 -0.3863766 -0.42083406 -0.8207369 -0.72833544 -0.40674862 0.55143505
-0.56819135 0.8089243 -0.15098739 -0.38673615 -0.4244586 -0.81869847 -0.72635525 -0.4067863 0.5540129
-0.5725015 0.8059877 -0.15040988 -0.38892183 -0.42845622 -0.81557494 -0.7217896 -0.40842134 0.5587569
-0.5803234 0.8007619 -0.14833243 -0.39121297 -0.43386167 -0.8116118 -0.7142658 -0.41296884 0.5650473
-0.5878336 0.79553896 -0.14685589 -0.39343762 -0.43975466 -0.8073535 -0.706864 -0.41681212 0.5714964
-0.5881376 0.7959698 -0.14325976 -0.39706725 -0.43850377 -0.8062562 -0.7045779 -0.4173071 0.573953
-0.5821024 0.8011562 -0.13893384 -0.4016343 -0.43186748 -0.80757505 -0.70699716 -0.41429213 0.57316184
-0.5761945 0.8052699 -0.13977566 -0.40306956 -0.42875004 -0.80852056 -0.7110084 -0.40952718 0.5716222
-0.57419527 0.8062441 -0.14236267 -0.40307587 -0.42973801 -0.8079928 -0.71262044 -0.40656403 0.5717301
-0.5718563 0.80660295 -0.14956236 -0.3994248 -0.43301362 -0.80805725 -0.71654606 -0.40235505 0.56979775
-0.56275606 0.8105643 -0.16213648 -0.39469302 -0.43582574 -0.80887 -0.7263066 -0.39120364 0.56518656
-0.54954445 0.81683266 -0.17544906 -0.39002424 -0.43654224 -0.8107461 -0.73883706 -0.37711287 0.5584828
-0.54234755 0.81927633 -0.18612505 -0.3830036 -0.43827814 -0.81315297 -0.74777377 -0.36972615 0.5514838
-0.53265435 0.8226401 -0.19884518 -0.37575403 -0.44039312 -0.8153895 -0.7583444 -0.35960504 0.5436866
-0.517898 0.8286539 -0.21239406 -0.3679638 -0.4399401 -0.8191781 -0.7722579 -0.34609842 0.5327577
-0.50141335 0.8350322 -0.22650014 -0.3595054 -0.4391986 -0.82332116 -0.7869806 -0.3313973 0.52041775
-0.48952731 0.8377748 -0.24185318 -0.3534624 -0.4441985 -0.8232553 -0.79713583 -0.317521 0.5135683
-0.48722875 0.8359543 -0.25255704 -0.35290703 -0.45302635 -0.8186704 -0.7987885 -0.30975157 0.5157407
-0.490322 0.828983 -0.2690133 -0.3566312 -0.4724826 -0.8059604 -0.79523396 -0.29924247 0.5273087
-0.49407366 0.8236282 -0.27843174 -0.35761535 -0.4844288 -0.798397 -0.7924651 -0.29489633 0.53388464
-0.5162169 0.8061915 -0.2890874 -0.36029395 -0.51063734 -0.7806634 -0.7769857 -0.2988361 0.55406475
-0.5234414 0.8006991 -0.29135212 -0.362041 -0.51854235 -0.774621 -0.7713195 -0.29998827 0.5613117
-0.5336336 0.7920391 -0.29648775 -0.36616725 -0.5323977 -0.76319855 -0.7623352 -0.29870525 0.5741234
-0.54006267 0.7852518 -0.30283237 -0.3691708 -0.54438514 -0.75323004 -0.7563354 -0.29499558 0.5838936
-0.54857606 0.7773158 -0.3079605 -0.36826077 -0.555314 -0.74565953 -0.7506306 -0.29564226 0.5908864
-0.55535746 0.7699118 -0.31433922 -0.36516276 -0.5653683 -0.73960304 -0.74714947 -0.2959602 0.5951242
-0.5582447 0.7644145 -0.3225346 -0.35980844 -0.5733452 -0.7360781 -0.7475954 -0.29486215 0.5951092
-0.55865157 0.76085734 -0.3301512 -0.355205 -0.57918984 -0.7337346 -0.74949056 -0.29263178 0.5938251
-0.5534699 0.7610155 -0.33841074 -0.35124937 -0.581701 -0.7336525 -0.7551777 -0.2871892 0.5892596
-0.54673404 0.7627622 -0.3453563 -0.349418 -0.5826794 -0.7337507 -0.7609121 -0.28049394 0.58509284
-0.5408724 0.7633945 -0.3531022 -0.34578505 -0.58450824 -0.7340171 -0.76673853 -0.2749134 0.5801142
-0.5335346 0.7638278 -0.36318466 -0.33635846 -0.5856174 -0.73750484 -0.77601695 -0.27132538 0.56936646
-0.52767813 0.76495403 -0.36931854 -0.3297791 -0.5851611 -0.7408309 -0.7828154 -0.26912796 0.56104195
-0.5234708 0.7643395 -0.376508 -0.32093528 -0.58622396 -0.74386847 -0.7892891 -0.26856 0.55217403
-0.51833445 0.76289076 -0.38642183 -0.3131455 -0.5898002 -0.7443614 -0.79578125 -0.2648231 0.544609
-0.51672095 0.76000965 -0.39418185 -0.31034392 -0.5953713 -0.74109226 -0.7979252 -0.26060718 0.5435047
-0.51691276 0.7585198 -0.39679143 -0.3100349 -0.597942 -0.73914945 -0.79792106 -0.2590578 0.54425097
-0.51798236 0.75425947 -0.40346196 -0.30544284 -0.6036714 -0.73639923 -0.79899764 -0.25820845 0.54307365
-0.5187349 0.7534062 -0.40408903 -0.30209872 -0.60369796 -0.7377556 -0.79978055 -0.26062596 0.5407615
-0.5190068 0.7538665 -0.40287936 -0.29794553 -0.6013276 -0.7413714 -0.80116075 -0.264742 0.5367037
-0.51794344 0.7540541 -0.40389508 -0.29537448 -0.6007789 -0.7428435 -0.8027992 -0.26545194 0.5338974
-0.51902753 0.7524796 -0.405437 -0.29619515 -0.60327965 -0.74048626 -0.80179614 -0.26424563 0.535999
-0.52390337 0.7496851 -0.40434107 -0.2992331 -0.6064393 -0.73667413 -0.79748535 -0.2649551 0.5420456
-0.52813476 0.74758285 -0.4027251 -0.30139986 -0.608419 -0.734154 -0.7938699 -0.26635227 0.54664814
-0.52885306 0.74749553 -0.40194392 -0.30218628 -0.6084024 -0.7338444 -0.79309237 -0.26663533 0.54763794
-0.52979314 0.74780816 -0.40011993 -0.3010164 -0.606852 -0.7356066 -0.7929097 -0.2692782 0.5466083
-0.5264499 0.75020635 -0.40004325 -0.2995388 -0.60402006 -0.73853487 -0.7956911 -0.26897463 0.54270196
-0.5237545 0.75091225 -0.40225068 -0.2985638 -0.6040615 -0.73889595 -0.7978335 -0.26690406 0.5405748
-0.52507246 0.7491428 -0.4038284 -0.2963643 -0.60575694 -0.7383931 -0.79778713 -0.26803115 0.5400852
-0.524984 0.74705803 -0.40778622 -0.2930616 -0.608494 -0.73746014 -0.79906434 -0.26764986 0.53838325
-0.52415913 0.74462354 -0.4132633 -0.28891662 -0.61197424 -0.7362148 -0.80111265 -0.26649666 0.53590554
-0.52311087 0.7420666 -0.4191487 -0.28639427 -0.6162672 -0.7336148 -0.80270183 -0.26372176 0.53489923
-0.5225171 0.73936284 -0.42463166 -0.2830691 -0.62021166 -0.7315786 -0.8042667 -0.2620638 0.5333615
-0.52107614 0.7365955 -0.43116114 -0.2759646 -0.6234333 -0.7315547 -0.80766344 -0.26221228 0.5281302
-0.51822627 0.73474133 -0.43770954 -0.26929402 -0.62595123 -0.7318905 -0.8117383 -0.2614141 0.5222455
-0.514266 0.73266304 -0.4457897 -0.26323608 -0.6295522 -0.7310053 -0.8162318 -0.2585851 0.5166202
-0.51227814 0.72849905 -0.45481133 -0.2584638 -0.63580674 -0.72728544 -0.8190022 -0.25502202 0.5140001
-0.51082903 0.7256011 -0.4610315 -0.2557262 -0.6402639 -0.7243371 -0.82076484 -0.25211638 0.5126202
-0.50470626 0.7232018 -0.47142768 -0.24987277 -0.6450891 -0.7220953 -0.8263367 -0.24665082 0.5062886
-0.50009245 0.71957886 -0.481775 -0.24294604 -0.65058357 -0.71952516 -0.83119303 -0.2427855 0.5001704
-0.4982308 0.71320313 -0.49305204 -0.23632625 -0.6588367 -0.7142004 -0.8342139 -0.23931724 0.4968011
-0.49480402 0.7071852 -0.5050256 -0.23190281 -0.6675386 -0.707539 -0.8374885 -0.23297806 0.4942987
-0.49117437 0.70309174 -0.51420105 -0.23002012 -0.6740587 -0.70195013 -0.84014016 -0.226505 0.49280512
-0.48754847 0.7008615 -0.5206558 -0.22641817 -0.6774296 -0.6998729 -0.84322506 -0.22333774 0.48896712
-0.48139545 0.7002494 -0.5271643 -0.22187985 -0.6792115 -0.6995995 -0.8479535 -0.21981852 0.48234004
-0.47705844 0.69901645 -0.5327139 -0.22041698 -0.6819262 -0.69741774 -0.8507813 -0.21529144 0.47939315
-0.47509575 0.69659674 -0.537615 -0.21855098 -0.68524593 -0.6947458 -0.85235953 -0.21257609 0.4777988
-0.4704914 0.6956856 -0.54281855 -0.21392931 -0.6867395 -0.6947094 -0.8560778 -0.2107317 0.4719321
-0.4654772 0.69602287 -0.5466953 -0.21040249 -0.68701106 -0.69551754 -0.8596854 -0.20872319 0.46623245
-0.46421716 0.6950929 -0.5489451 -0.20850393 -0.6881188 -0.6949938 -0.8608286 -0.20817254 0.4643657
-0.46443072 0.6939743 -0.5501783 -0.20569073 -0.6887854 -0.6951718 -0.86139 -0.20969427 0.46263668
-0.4656283 0.6919821 -0.5516732 -0.19899786 -0.68928206 -0.69662607 -0.8623151 -0.21458878 0.45865178
-0.469546 0.6888937 -0.55221766 -0.19086725 -0.68986917 -0.6983182 -0.8620287 -0.22249395 0.4554121
-0.47373348 0.6852508 -0.553173 -0.18419708 -0.6913383 -0.69865656 -0.86118835 -0.22908586 0.4537308
-0.4714231 0.6857048 -0.5545824 -0.17656814 -0.68950284 -0.70242983 -0.8640494 -0.23322178 0.44612065
-0.4619877 0.6906301 -0.556408 -0.16993394 -0.68468463 -0.70875055 -0.87045217 -0.23288323 0.43367687
-0.46352625 0.6914541 -0.5541003 -0.17145178 -0.68351245 -0.7095159 -0.86933583 -0.23387957 0.43537638
-0.46579766 0.6908322 -0.5529701 -0.17277181 -0.6838804 -0.7088408 -0.8678591 -0.23464051 0.43790558
-0.4715746 0.6925068 -0.5459347 -0.17609511 -0.6805834 -0.7111923 -0.8640632 -0.23924549 0.44289225
-0.46666366 0.69816685 -0.54293716 -0.17436549 -0.67446244 -0.7174222 -0.8670749 -0.24012709 0.4364827
-0.46410525 0.69975275 -0.5430883 -0.18139686 -0.6752115 -0.71496993 -0.8670056 -0.2333085 0.4403016
-0.46703735 0.69764346 -0.54328835 -0.1944413 -0.6804081 -0.7065656 -0.8625924 -0.22435644 0.4534261
-0.46921024 0.69591093 -0.54363805 -0.20170021 -0.68379736 -0.7012389 -0.85974175 -0.21937811 0.4612094
-0.4696524 0.69459254 -0.54494077 -0.20277439 -0.68562186 -0.69914436 -0.8592475 -0.21785638 0.46284887
-0.4714505 0.69254404 -0.5459945 -0.1988387 -0.6866538 -0.6992621 -0.85918266 -0.2211042 0.4614271
-0.47602355 0.6885222 -0.5471119 -0.19434832 -0.68910336 -0.6981139 -0.8576873 -0.22598992 0.4618418
-0.47825968 0.68470573 -0.54994404 -0.18882127 -0.691734 -0.6970282 -0.8576778 -0.22952092 0.46011466
-0.4768903 0.6826196 -0.5537134 -0.18422708 -0.6936008 -0.69640213 -0.8594374 -0.2301 0.4565277
-0.474149 0.6799114 -0.55937064 -0.17863345 -0.6964075 -0.69505703 -0.8621308 -0.22963984 0.4516551
-0.4710089 0.67515546 -0.5677217 -0.17570363 -0.702495 -0.68965703 -0.8644511 -0.22508536 0.44950786
-0.4730588 0.66772693 -0.57475907 -0.17775904 -0.7112971 -0.6800411 -0.86291015 -0.21953233 0.45517915
-0.47553176 0.661045 -0.58041435 -0.1748848 -0.7176619 -0.67407316 -0.86213785 -0.21903908 0.45687705
-0.47150925 0.65865844 -0.5863786 -0.16828932 -0.71992373 -0.6733397 -0.86565256 -0.21880619 0.45029518
-0.46804413 0.65764487 -0.5902793 -0.16754657 -0.7218879 -0.6714192 -0.86767465 -0.2153561 0.44806078
-0.46489513 0.6576426 -0.59276515 -0.17228805 -0.72391814 -0.6680247 -0.8684388 -0.20843658 0.44984913
-0.46038133 0.6573165 -0.596637 -0.17257752 -0.72555244 -0.6661744 -0.87078273 -0.20372967 0.44746804
-0.45673224 0.6570524 -0.5997244 -0.17082772 -0.726384 -0.6657191 -0.87304646 -0.20160736 0.44400498
-0.45212474 0.657055 -0.60320276 -0.16891845 -0.7271115 -0.6654121 -0.8758118 -0.19895875 0.43973306
-0.44852105 0.6567668 -0.60619956 -0.16650464 -0.7277792 -0.6652904 -0.8781239 -0.19746329 0.4357783
-0.44633678 0.65494967 -0.60976696 -0.16428955 -0.72980356 -0.6636215 -0.8796527 -0.19602194 0.43333882
-0.4428345 0.65421325 -0.6131017 -0.16271737 -0.7310946 -0.6625869 -0.8817125 -0.1936557 0.43020508
-0.43809253 0.6535716 -0.6171792 -0.16189638 -0.73271424 -0.66099733 -0.88422894 -0.18966053 0.42680675
-0.43408918 0.6517183 -0.6219493 -0.1629751 -0.7358125 -0.6572802 -0.88600343 -0.18395752 0.42562133
-0.43232182 0.6494999 -0.6254911 -0.16322088 -0.7385775 -0.6541105 -0.8868219 -0.1806946 0.42531434
-0.42834938 0.6493198 -0.6284044 -0.16258825 -0.7394735 -0.6532551 -0.8888634 -0.1776518 0.422324
-0.42226243 0.6498171 -0.63199973 -0.16205017 -0.74009484 -0.6526849 -0.8918691 -0.1731902 0.4178164
-0.41923875 0.6476672 -0.63620573 -0.16272298 -0.7430251 -0.6491788 -0.89317214 -0.16863719 0.41689444
-0.41733816 0.6449788 -0.64017403 -0.16428444 -0.7464002 -0.6448997 -0.89377606 -0.1639722 0.41746047
-0.41376695 0.64293015 -0.6445383 -0.16350141 -0.74895895 -0.64212614 -0.89557827 -0.1603092 0.41501364
-0.41118982 0.640072 -0.6490168 -0.16283593 -0.75212264 -0.63858783 -0.8968856 -0.15689908 0.41349104
-0.40982577 0.63619703 -0.6536727 -0.16298285 -0.75616276 -0.6337608 -0.897483 -0.1531956 0.4135834
-0.40544143 0.63004017 -0.662313 -0.16127273 -0.76247543 -0.6265945 -0.8997802 -0.14723587 0.4107466
-0.40448532 0.6273156 -0.66547626 -0.16113041 -0.76516336 -0.62334627 -0.90023595 -0.14490749 0.41057613
-0.4036527 0.6248552 -0.66829056 -0.16312103 -0.76789534 -0.619457 -0.9002512 -0.14103477 0.41188923
-0.40470898 0.62438214 -0.66809386 -0.16426316 -0.7683591 -0.61857945 -0.89956903 -0.14060293 0.41352403
-0.41040587 0.6265117 -0.6626023 -0.1675497 -0.7660566 -0.6205504 -0.8963762 -0.14366023 0.41936517
-0.41466147 0.62881213 -0.65775585 -0.17049608 -0.7637191 -0.6226256 -0.8938585 -0.14603552 0.42389408
-0.41634497 0.6298956 -0.6556524 -0.17075296 -0.7624701 -0.6240843 -0.8930266 -0.14788125 0.4250063
-0.41898063 0.6312893 -0.65262616 -0.17189083 -0.76090866 -0.6256758 -0.8915745 -0.1499671 0.42731798
-0.42228764 0.63242 -0.64939195 -0.17343614 -0.75954354 -0.6269069 -0.8897131 -0.15210852 0.43042937
-0.4205236 0.6344243 -0.64858115 -0.17402144 -0.75799567 -0.6286159 -0.89043415 -0.15148231 0.4291575
-0.42269865 0.63491946 -0.6466799 -0.17675386 -0.7576209 -0.6283052 -0.8888647 -0.15128209 0.43246877
-0.42679977 0.6354903 -0.6434172 -0.18201406 -0.7572811 -0.62721217 -0.8858383 -0.15058449 0.43887457
-0.4265732 0.63838565 -0.6406955 -0.18629318 -0.7552106 -0.628451 -0.8850575 -0.14872456 0.44107842
-0.4274374 0.6436979 -0.6347772 -0.19440208 -0.7511764 -0.63082546 -0.88289386 -0.14623784 0.44621596
-0.4275983 0.6521798 -0.62594986 -0.21119235 -0.7453622 -0.63232267 -0.8789506 -0.1381856 0.45644984
-0.42969066 0.6590435 -0.61726785 -0.22343062 -0.7399407 -0.63448066 -0.8748951 -0.13471517 0.4651949
-0.43058074 0.6650514 -0.61016303 -0.23097579 -0.7347305 -0.63782495 -0.8724948 -0.13370351 0.46997038
-0.434419 0.66790736 -0.60429466 -0.23260096 -0.7313462 -0.6411154 -0.87015724 -0.13795447 0.47306535
-0.43806133 0.66967195 -0.59969485 -0.23378111 -0.7290284 -0.643322 -0.86801237 -0.14161848 0.47591463
-0.4412002 0.67252725 -0.5941732 -0.24119516 -0.7266079 -0.6433236 -0.86438656 -0.1405241 0.48278868
-0.44345817 0.67535716 -0.58926195 -0.25009674 -0.7245729 -0.64221907 -0.8606935 -0.13742605 0.4902212
-0.44723806 0.67624617 -0.58537287 -0.25616634 -0.72391176 -0.64057016 -0.85694444 -0.13653575 0.49699122
-0.45356795 0.67789274 -0.578558 -0.26767936 -0.7228277 -0.6370773 -0.85007095 -0.1340909 0.5093083
-0.4580597 0.6792085 -0.5734537 -0.27210087 -0.7212859 -0.63695174 -0.8462501 -0.13572574 0.515204
-0.4669857 0.67908543 -0.56635594 -0.27077994 -0.7195396 -0.6394846 -0.8417835 -0.14527343 0.5198963
-0.47348353 0.6779173 -0.5623461 -0.26636887 -0.7187655 -0.642202 -0.8395582 -0.15428172 0.5208986
-0.48365173 0.6754844 -0.55659115 -0.25582728 -0.71724993 -0.64815485 -0.83703667 -0.17109112 0.5197052
-0.49975052 0.6707859 -0.5479852 -0.24311738 -0.7158574 -0.6545546 -0.8313484 -0.19389053 0.5208282
-0.5113611 0.6664122 -0.5425835 -0.23604333 -0.71601856 -0.65696305 -0.82631123 -0.20787345 0.5234445
-0.5226671 0.6624567 -0.5366215 -0.22791174 -0.71511126 -0.6608112 -0.8215061 -0.22308335 0.52474505
-0.52895594 0.66122055 -0.5319638 -0.22216439 -0.7128725 -0.66517305 -0.8190515 -0.23366532 0.52397597
-0.5376478 0.6572581 -0.52814704 -0.21791965 -0.71342516 -0.66598445 -0.81451994 -0.24297293 0.52679896
-0.54591906 0.65345377 -0.5243694 -0.21534066 -0.7142748 -0.6659127 -0.8096898 -0.25061783 0.53064936
-0.55104136 0.65020007 -0.52305436 -0.20953175 -0.7145379 -0.6674817 -0.80774164 -0.25821507 0.5299754
-0.55603343 0.646685 -0.5221283 -0.20298049 -0.7148305 -0.6691908 -0.8059915 -0.2661121 0.5287319
-0.5595205 0.64431596 -0.52133125 -0.19750175 -0.7145438 -0.6711336 -0.8049387 -0.27255067 0.5270531
-0.5611982 0.64259934 -0.5216463 -0.18994914 -0.713428 -0.6744922 -0.80558807 -0.2794392 0.52243346
-0.5574401 0.6424179 -0.525882 -0.1780927 -0.71121764 -0.6800385 -0.8108883 -0.2854268 0.51086897
-0.5496957 0.6444107 -0.5315652 -0.1686256 -0.7088313 -0.6849258 -0.8181665 -0.28686714 0.4983035
-0.540539 0.6466181 -0.53823304 -0.16084042 -0.7073794 -0.68829083 -0.8257992 -0.28548038 0.4863664
-0.5295766 0.64789855 -0.5475109 -0.14987484 -0.70676893 -0.691386 -0.8349146 -0.2840858 0.47139004
-0.5134675 0.65063506 -0.5594794 -0.13705347 -0.7058085 -0.69501793 -0.8470914 -0.28019267 0.4515797
-0.49595264 0.6535631 -0.57173276 -0.1240967 -0.7050068 -0.6982584 -0.8594343 -0.27535516 0.4307532
-0.48023224 0.65778106 -0.5802526 -0.116260044 -0.70343 -0.7011911 -0.8694004 -0.26927668 0.41428173
-0.4652784 0.66189086 -0.58771473 -0.11032049 -0.702152 -0.70342815 -0.8782607 -0.26245525 0.39971465
-0.439993 0.6686547 -0.59941584 -0.10136918 -0.70022213 -0.7066912 -0.8922593 -0.25017923 0.37587225
-0.42289364 0.674271 -0.6054022 -0.096431255 -0.69777966 -0.7097913 -0.9010318 -0.2417889 0.36010593
-0.39989668 0.68341076 -0.61075735 -0.092583194 -0.6930745 -0.7148952 -0.91187024 -0.2293407 0.3404292
-0.38835 0.68865025 -0.6123213 -0.09110814 -0.6899179 -0.71813065 -0.916995 -0.22310092 0.33066994
-0.38393238 0.6930392 -0.6101515 -0.09741794 -0.6875141 -0.7196062 -0.918206 -0.21684274 0.33147213
-0.38049787 0.6958022 -0.60915756 -0.10400776 -0.68672824 -0.7194343 -0.91891253 -0.21038839 0.33366624
-0.3733973 0.6988747 -0.61003363 -0.108066924 -0.6858949 -0.7196311 -0.9213537 -0.20278612 0.33163536
-0.37070414 0.7014894 -0.60867363 -0.11062099 -0.6840576 -0.72099036 -0.9221378 -0.19994439 0.3311813
-0.36685586 0.70463675 -0.6073682 -0.11359839 -0.6819405 -0.7225312 -0.923314 -0.19607115 0.3302184
-0.3621103 0.70714194 -0.6073045 -0.116493754 -0.6807489 -0.7231936 -0.9248254 -0.19113101 0.3288827
-0.36238176 0.70922244 -0.6047111 -0.123577274 -0.67965007 -0.7230513 -0.9237991 -0.18729438 0.33393547
-0.361823 0.7123471 -0.6013637 -0.12940703 -0.6772079 -0.72432184 -0.9232197 -0.18425795 0.33721107
-0.35745558 0.7160049 -0.599629 -0.13283895 -0.6745061 -0.7262189 -0.9244328 -0.17993931 0.3362184
-0.35876998 0.7173055 -0.5972852 -0.1374982 -0.67352235 -0.72626466 -0.9232416 -0.17843871 0.34026682
-0.36612734 0.71803313 -0.59192216 -0.15057501 -0.6734251 -0.72375697 -0.9183 -0.17586091 0.35467616
-0.3707377 0.7182054 -0.58883554 -0.16193704 -0.67429996 -0.7204822 -0.9145091 -0.17175792 0.36629134
-0.37674955 0.7180648 -0.58518 -0.17660233 -0.675827 -0.7155894 -0.90932304 -0.16625604 0.38142827
-0.38540977 0.7182276 -0.57931095 -0.18825974 -0.6758169 -0.71262085 -0.9033352 -0.16559233 0.3956786
-0.39158306 0.7184936 -0.57482386 -0.19571225 -0.6754589 -0.71095055 -0.8990863 -0.16589823 0.40511507
-0.39730802 0.7184547 -0.57093066 -0.20209672 -0.6753751 -0.7092417 -0.89515346 -0.16640633 0.4135281
-0.40603685 0.71690947 -0.5667165 -0.20812386 -0.67638975 -0.7065265 -0.8898399 -0.16893075 0.42384392
-0.41287673 0.7164223 -0.56237423 -0.21278723 -0.67625326 -0.705267 -0.8855795 -0.17152439 0.4316535
-0.4203959 0.71802485 -0.5547077 -0.21572664 -0.67292756 -0.7075511 -0.88132054 -0.17778853 0.43779188
-0.42307785 0.71943474 -0.5508284 -0.2158038 -0.6704343 -0.7098905 -0.8800173 -0.18147026 0.4389014
-0.42950186 0.7193707 -0.54591864 -0.21851817 -0.66934586 -0.71008724 -0.87622744 -0.18569285 0.4446796
-0.4360897 0.7187726 -0.5414655 -0.22171968 -0.6689686 -0.70944995 -0.8721597 -0.18933243 0.45109507
-0.43871048 0.718539 -0.5396552 -0.22181799 -0.6685445 -0.70981884 -0.87081933 -0.19170193 0.45268112
-0.44309238 0.7184273 -0.5362131 -0.22233112 -0.66751784 -0.71062386 -0.86846673 -0.19565737 0.45549953
-0.44733003 0.7175491 -0.5338654 -0.22496043 -0.668005 -0.70933753 -0.8656125 -0.19721165 0.4602375
-0.4543699 0.71569383 -0.5303993 -0.23033932 -0.66955864 -0.7061392 -0.86051613 -0.19867888 0.4690783
-0.45980397 0.7147324 -0.5270019 -0.23499118 -0.67023844 -0.70395815 -0.856362 -0.19984418 0.47613263
-0.46320695 0.71501446 -0.52362853 -0.23704024 -0.6692703 -0.70419234 -0.8539601 -0.20206797 0.47949624
-0.46595138 0.7152423 -0.5208751 -0.23854226 -0.66843945 -0.7044743 -0.85204667 -0.20400223 0.48207423
-0.46809566 0.7171675 -0.5162853 -0.24157678 -0.6658502 -0.7058909 -0.8500141 -0.20570405 0.484931
-0.47028464 0.71936923 -0.51120806 -0.24312508 -0.6624619 -0.7085424 -0.84836286 -0.20893121 0.48644066
-0.47181875 0.72056335 -0.5081034 -0.24458748 -0.6606342 -0.7097445 -0.8470897 -0.21059717 0.48793867
-0.47227308 0.72083527 -0.50729495 -0.24511345 -0.6602268 -0.70994204 -0.8466844 -0.21094383 0.48849207
-0.4769114 0.7223314 -0.50078595 -0.24917106 -0.65749353 -0.7110653 -0.8428916 -0.21433584 0.49354848
-0.4777027 0.7232306 -0.4987298 -0.24992071 -0.6561171 -0.7120729 -0.8422214 -0.21551831 0.4941774
-0.47947845 0.72538257 -0.49387658 -0.25098792 -0.65264 -0.7148872 -0.8408938 -0.21881811 0.4949874
-0.48069808 0.72735435 -0.48977408 -0.25309008 -0.6498561 -0.71668 -0.8395663 -0.2205519 0.49646905
-0.48204333 0.7291296 -0.485796 -0.25553763 -0.647369 -0.71806115 -0.8380522 -0.22199954 0.49837825
-0.48318166 0.73055327 -0.48251516 -0.25914925 -0.6457673 -0.71820897 -0.83628577 -0.22198416 0.5013434
-0.4862591 0.7314025 -0.4781171 -0.26389366 -0.6445366 -0.7175867 -0.833012 -0.22276318 0.50642234
-0.49154234 0.731378 -0.47272184 -0.27057874 -0.6442303 -0.7153686 -0.82774997 -0.22372761 0.5145598
-0.49467015 0.73150146 -0.46925554 -0.27547252 -0.64408344 -0.7136311 -0.8242651 -0.2237471 0.5201155
-0.49698624 0.73197854 -0.46605343 -0.28204903 -0.6441828 -0.71096766 -0.8206398 -0.22189327 0.52660185
-0.5028481 0.7306073 -0.46189874 -0.29029736 -0.64608634 -0.70590234 -0.81416696 -0.22087565 0.5369746
-0.5059742 0.7299408 -0.45953265 -0.29603088 -0.647364 -0.7023416 -0.8101558 -0.2193329 0.54363257
-0.5056903 0.7315604 -0.45726418 -0.300547 -0.6462195 -0.701477 -0.808669 -0.21730281 0.5466533
-0.5036065 0.73463666 -0.45462427 -0.30462104 -0.64343137 -0.70228225 -0.80844504 -0.2151879 0.54782
-0.5004793 0.7383567 -0.4520441 -0.30845994 -0.63996166 -0.70377535 -0.80893135 -0.21278962 0.5480389
-0.4998818 0.739998 -0.45001712 -0.30601284 -0.6369937 -0.7075262 -0.8102291 -0.21597068 0.5448683
-0.4990885 0.7408363 -0.44951794 -0.30017826 -0.6344379 -0.7123058 -0.8128964 -0.22057033 0.53902155
-0.4981634 0.7412284 -0.4498975 -0.29734403 -0.63344413 -0.714376 -0.81450385 -0.22210383 0.53595644
-0.49733564 0.7414689 -0.45041665 -0.297291 -0.6334055 -0.7144323 -0.81502885 -0.22140998 0.5354451
-0.4954845 0.741524 -0.45236197 -0.2966459 -0.63393605 -0.71422976 -0.81639034 -0.21970057 0.5340735
-0.49457222 0.74095774 -0.45428398 -0.29584786 -0.6349991 -0.71361613 -0.8172326 -0.21853787 0.53326166
-0.49433842 0.74028367 -0.45563534 -0.2974232 -0.6365715 -0.7115573 -0.81680214 -0.21623573 0.5348573
-0.49463612 0.7390152 -0.45736822 -0.299797 -0.6390471 -0.70833474 -0.8157534 -0.21325247 0.5376483
-0.49402332 0.737981 -0.45969468 -0.30167657 -0.6413741 -0.7054275 -0.8154318 -0.20982069 0.53948337
-0.49263543 0.7367341 -0.46317083 -0.29997334 -0.6433854 -0.7043214 -0.8168983 -0.20803696 0.5379531
-0.48412728 0.73764235 -0.4706363 -0.29846212 -0.64483386 -0.70363843 -0.82251906 -0.20018557 0.5323381
-0.48147237 0.73633885 -0.47537717 -0.2972897 -0.64743793 -0.7017409 -0.82449967 -0.1965462 0.5306276
-0.47923082 0.7363278 -0.47765374 -0.29456517 -0.64759177 -0.70274705 -0.82678014 -0.19608 0.52724075
-0.47193277 0.7391865 -0.48049614 -0.2913892 -0.64516145 -0.70629746 -0.83208656 -0.19331564 0.51986223
-0.46331063 0.7428792 -0.48318484 -0.29072818 -0.6424802 -0.70900893 -0.83714795 -0.188018 0.51364225
-0.4600365 0.74372864 -0.4850033 -0.29457664 -0.6431479 -0.7068117 -0.83760804 -0.18229058 0.51495486
-0.45688105 0.7440757 -0.48744765 -0.29856747 -0.64447707 -0.7039206 -0.83792204 -0.176074 0.5166044
-0.45557967 0.74419636 -0.4884804 -0.30179122 -0.64536333 -0.70173055 -0.8374756 -0.17227705 0.5186046
-0.4582932 0.7437872 -0.48656163 -0.30485985 -0.64577997 -0.7000186 -0.83487976 -0.17248261 0.5227056
-0.45914763 0.7450666 -0.4837908 -0.30897525 -0.64452994 -0.69936603 -0.832895 -0.1716348 0.52613974
-0.46124828 0.7447189 -0.4823258 -0.30848932 -0.6443011 -0.6997913 -0.8319139 -0.17398715 0.5269188
-0.46122998 0.74548066 -0.48116502 -0.30779073 -0.6430523 -0.70124596 -0.8321827 -0.17533955 0.5260453
-0.45913422 0.74682635 -0.48108265 -0.3076544 -0.64170283 -0.7025408 -0.8333912 -0.17455533 0.5243904
-0.45947143 0.74690926 -0.480632 -0.30330706 -0.64055747 -0.7054702 -0.8347976 -0.17836633 0.52085894
-0.4595888 0.74665844 -0.48090953 -0.29856694 -0.63986737 -0.70811355 -0.83644027 -0.1818594 0.51700157
-0.45961508 0.7464315 -0.48123664 -0.2933488 -0.63904864 -0.711028 -0.8382702 -0.18563105 0.51267934
-0.45867005 0.7464598 -0.4820937 -0.28837833 -0.6382109 -0.71380824 -0.84050953 -0.18837923 0.5079892
-0.45914084 0.74527085 -0.4834829 -0.28146097 -0.6382471 -0.7165318 -0.8425947 -0.19290966 0.50280833
-0.4593976 0.74433726 -0.48467585 -0.2746302 -0.63796365 -0.7194289 -0.8447061 -0.19739954 0.49749485
-0.4592461 0.7444111 -0.48470598 -0.2674098 -0.6361993 -0.7236988 -0.84710175 -0.202743 0.49123332
-0.45931366 0.7446293 -0.4843066 -0.26154578 -0.6344299 -0.72738576 -0.84889406 -0.20743215 0.48615545
-0.45915014 0.7449823 -0.4839188 -0.2589271 -0.63331646 -0.72929037 -0.8497848 -0.20955642 0.48368192
-0.4607657 0.7447642 -0.4827176 -0.2579419 -0.63279647 -0.73009044 -0.8492097 -0.21188988 0.48367524
-0.46253937 0.74433416 -0.48168364 -0.256822 -0.63249254 -0.7307484 -0.8485847 -0.21429534 0.4837125
-0.46477962 0.7429556 -0.48165533 -0.2514135 -0.6323351 -0.73276263 -0.8489802 -0.21948093 0.48068398
-0.46565896 0.74232775 -0.4817741 -0.245277 -0.6313391 -0.7356955 -0.8502924 -0.22441758 0.47606304
-0.4676831 0.7418027 -0.4806208 -0.24176931 -0.6303822 -0.7376744 -0.850186 -0.22880104 0.4741627
-0.46857104 0.74122936 -0.48064062 -0.2384557 -0.62999666 -0.73908114 -0.85063285 -0.23170303 0.47194692
-0.4687416 0.7407456 -0.4812199 -0.23763932 -0.63044614 -0.7389608 -0.8507673 -0.2320274 0.47154495
-0.47152507 0.7395364 -0.48035935 -0.23917949 -0.63155484 -0.7375156 -0.8487952 -0.23286752 0.47467425
-0.47338384 0.7396388 -0.47836962 -0.24123684 -0.63117695 -0.737169 -0.84717685 -0.233566 0.4772155
-0.4726107 0.74071616 -0.4774663 -0.24127488 -0.6298534 -0.73828757 -0.8475975 -0.2337245 0.47639018
-0.47230363 0.74128664 -0.47688437 -0.2409843 -0.6290212 -0.73909146 -0.8478512 -0.23415641 0.475726
-0.47422367 0.7410453 -0.4753515 -0.23933148 -0.6281067 -0.7404052 -0.84724736 -0.23735355 0.475217
-0.4745641 0.74129575 -0.4746207 -0.23848368 -0.6273288 -0.74133784 -0.8472957 -0.23862544 0.4744931
-0.4754624 0.74146104 -0.47346184 -0.23705879 -0.6262688 -0.74268985 -0.84719193 -0.2408852 0.4735356
-0.4778841 0.74022144 -0.472963 -0.23259561 -0.62584156 -0.74445885 -0.84706634 -0.24575843 0.47125053
-0.47708434 0.7399294 -0.4742258 -0.23091511 -0.6261781 -0.74469894 -0.84797645 -0.24578078 0.46959925
-0.47765118 0.7395804 -0.4741996 -0.23209283 -0.62680924 -0.74380136 -0.8473356 -0.24522172 0.4710461
-0.47855496 0.73907816 -0.47407153 -0.2313105 -0.6269589 -0.74391884 -0.8470395 -0.2463508 0.47098944
-0.47820318 0.738955 -0.47461817 -0.23133221 -0.62731856 -0.74360883 -0.8472323 -0.24580415 0.4709284
-0.48154378 0.73816043 -0.47247222 -0.23298198 -0.62751776 -0.74292535 -0.84488475 -0.24767613 0.47415394
-0.48259658 0.7384324 -0.47097042 -0.2342289 -0.6269684 -0.742997 -0.8439387 -0.24825554 0.47553366
-0.48530984 0.7369757 -0.47046378 -0.23274858 -0.6275617 -0.7429614 -0.8427916 -0.25106928 0.4760906
-0.48869008 0.7350548 -0.46996972 -0.23077892 -0.628402 -0.74286574 -0.84137875 -0.25457454 0.47672758
-0.49094996 0.73302305 -0.470787 -0.2285132 -0.6298357 -0.7423517 -0.8406813 -0.256879 0.4767219
-0.49198946 0.7309517 -0.47291744 -0.22676606 -0.6320574 -0.74099797 -0.8405467 -0.2573241 0.4767193
-0.49466828 0.72734183 -0.47568077 -0.22548431 -0.6360121 -0.73799944 -0.83931845 -0.25780886 0.47861773
-0.4952641 0.7247719 -0.47897178 -0.22552586 -0.63970804 -0.73478526 -0.83895594 -0.25589478 0.48027784
-0.4948982 0.7226224 -0.482584 -0.22454973 -0.64286065 -0.7323287 -0.83943355 -0.25406656 0.48041382
-0.4956289 0.71924806 -0.486856 -0.22301705 -0.6471519 -0.72901 -0.839411 -0.25274366 0.48115042
-0.49691886 0.71675724 -0.48920888 -0.22185852 -0.649939 -0.72688097 -0.83895534 -0.2526681 0.4819843
-0.49652237 0.71634305 -0.4902169 -0.22132863 -0.65057105 -0.7264769 -0.8393299 -0.2522154 0.48156896
-0.4946454 0.715467 -0.49338362 -0.21927933 -0.65208066 -0.72574466 -0.8409744 -0.25079972 0.4794345
-0.4931085 0.71618885 -0.49387446 -0.21880837 -0.65155166 -0.7263618 -0.841999 -0.25011358 0.47799242
-0.49217898 0.71700394 -0.493619 -0.21899633 -0.65081376 -0.7269664 -0.84249383 -0.2496991 0.4773367
-0.4937556 0.7168919 -0.49220514 -0.21769688 -0.64989805 -0.728175 -0.8419079 -0.25239125 0.47695452
-0.49526083 0.71738106 -0.48997524 -0.21605834 -0.6480021 -0.7303494 -0.84144586 -0.2558526 0.47592476
-0.4974174 0.7171008 -0.48819762 -0.21608667 -0.64744496 -0.730835 -0.84016556 -0.2580394 0.4770048
-0.49891388 0.7169379 -0.4869082 -0.21635602 -0.64708096 -0.73107773 -0.83920825 -0.2594016 0.47794998
-0.49920338 0.71813387 -0.48484486 -0.21677981 -0.645276 -0.73254615 -0.8389267 -0.26058713 0.47779933
-0.4998881 0.71986634 -0.48155907 -0.21766378 -0.6425973 -0.7346358 -0.83828974 -0.2624199 0.47791398
-0.5000725 0.7216816 -0.47864193 -0.21812497 -0.63987184 -0.7368747 -0.83805984 -0.26408917 0.47739732
-0.49949843 0.7240426 -0.4756664 -0.21985748 -0.63704735 -0.7388047 -0.83794934 -0.26445517 0.4773885
-0.49960703 0.7263865 -0.47196454 -0.22237138 -0.6341294 -0.74056053 -0.83722097 -0.26504004 0.4783412
-0.49857768 0.7298292 -0.46772283 -0.22419184 -0.6297842 -0.7437126 -0.83734894 -0.26594117 0.47761625
-0.49842587 0.73192936 -0.46459255 -0.224639 -0.6266479 -0.74622273 -0.83731943 -0.26757345 0.47675547
-0.49837 0.7336777 -0.461887 -0.22631203 -0.6243931 -0.747606 -0.8369021 -0.26805615 0.47721693
-0.4979934 0.73542166 -0.4595136 -0.22805962 -0.6223168 -0.7488053 -0.8366518 -0.2681059 0.47762764
-0.49686134 0.73709697 -0.45805272 -0.22862092 -0.6203522 -0.7502629 -0.8371717 -0.26805845 0.47674283
-0.496594 0.7380253 -0.45684627 -0.22904146 -0.61910415 -0.751165 -0.83721536 -0.2683896 0.47647983
-0.49829525 0.7369633 -0.45670846 -0.229455 -0.62008464 -0.7502295 -0.83609056 -0.26904407 0.47808307
-0.49960163 0.7356166 -0.45745134 -0.22937459 -0.6215771 -0.7490181 -0.8353325 -0.26928523 0.47927064
-0.50248086 0.7338229 -0.4571786 -0.22987501 -0.62314993 -0.7475563 -0.8334658 -0.27054116 0.48180646
-0.5042265 0.7326027 -0.4572135 -0.23056214 -0.6244396 -0.74626756 -0.832221 -0.27087393 0.48376745
-0.50767094 0.7309352 -0.45606917 -0.23091766 -0.6254383 -0.7453206 -0.8300255 -0.27306542 0.48630077
-0.5136944 0.72885686 -0.4526378 -0.23201868 -0.62592876 -0.74456656 -0.8260027 -0.27746144 0.49064255
-0.5181744 0.72807103 -0.44877967 -0.23145568 -0.62452143 -0.74592245 -0.8233582 -0.28264746 0.49212518
-0.52406883 0.7275823 -0.44268644 -0.23104836 -0.62175584 -0.7483551 -0.8197339 -0.28990978 0.49394757
-0.5316078 0.7262569 -0.43582025 -0.2298959 -0.6189673 -0.75101674 -0.8151908 -0.29905537 0.49600932
-0.5366423 0.7245722 -0.43244123 -0.22709031 -0.6176021 -0.75299156 -0.8126745 -0.3058863 0.4959727
-0.5392636 0.7230587 -0.43171278 -0.22569783 -0.61798376 -0.753097 -0.8113261 -0.3086837 0.49644697
-0.544534 0.7198722 -0.4304203 -0.22571817 -0.62002635 -0.75141007 -0.8077925 -0.31201738 0.50011176
-0.5502224 0.7164024 -0.4289728 -0.2249809 -0.6219278 -0.75005853 -0.8041353 -0.3161911 0.50337344
-0.5543179 0.71385705 -0.42794207 -0.22347522 -0.62294674 -0.7496629 -0.8017389 -0.31991997 0.50483793
-0.56159246 0.70957476 -0.42557234 -0.22321935 -0.625207 -0.7478553 -0.7967319 -0.32499686 0.5095004
-0.56513345 0.7078182 -0.42380652 -0.22434582 -0.62620616 -0.7466815 -0.7939068 -0.32689837 0.51268405
-0.57240623 0.7045786 -0.41942167 -0.2239614 -0.6264093 -0.74662673 -0.78878856 -0.3334424 0.5163568
-0.58253723 0.6991555 -0.41451898 -0.22449733 -0.62855715 -0.7446581 -0.78118247 -0.3407356 0.52311426
-0.5892111 0.694566 -0.4127981 -0.22410329 -0.6313518 -0.7424092 -0.7762749 -0.3449294 0.5276519
-0.5935597 0.6905596 -0.41328937 -0.22164431 -0.6339543 -0.74092835 -0.77366346 -0.3481851 0.52934617
-0.5945729 0.6877882 -0.41644225 -0.2187572 -0.63678485 -0.73935753 -0.7737071 -0.34850535 0.52907157
-0.59598666 0.68520635 -0.41867146 -0.21525468 -0.6386432 -0.7387824 -0.7736016 -0.3501867 0.5281146
-0.5967316 0.68216246 -0.42256275 -0.20763156 -0.6399332 -0.7398472 -0.7751094 -0.35375613 0.52350473
-0.594228 0.6819679 -0.42638734 -0.20068255 -0.6390962 -0.7424836 -0.7788539 -0.3556395 0.5166259
-0.59044164 0.6831859 -0.4296846 -0.19171801 -0.6358904 -0.7475873 -0.7839748 -0.35903198 0.5064332
-0.5862877 0.685772 -0.4312499 -0.18178937 -0.63014543 -0.7548964 -0.78943837 -0.36419347 0.49411058
-0.5791857 0.6893426 -0.43513632 -0.16979624 -0.62409717 -0.7626736 -0.7973122 -0.3678489 0.47851408
-0.5740679 0.69053054 -0.44000748 -0.15895036 -0.6211446 -0.7674069 -0.80322754 -0.37060815 0.46633732
-0.57436633 0.6891195 -0.4418265 -0.15672013 -0.62233037 -0.76690495 -0.80345243 -0.37124506 0.46544248
-0.5757912 0.6873702 -0.44269603 -0.1575702 -0.62461245 -0.76487285 -0.8022655 -0.37065515 0.46795338
-0.575297 0.6864224 -0.44480425 -0.15479843 -0.62535906 -0.7648288 -0.8031593 -0.3711525 0.46602222
-0.5755476 0.6845023 -0.44743136 -0.15125851 -0.6268134 -0.76434636 -0.803654 -0.3722437 0.46429563
-0.5753475 0.68328065 -0.44955093 -0.15063009 -0.6287602 -0.76287 -0.8039153 -0.37120324 0.46467617
-0.57449 0.68307954 -0.45095086 -0.15257522 -0.6306622 -0.7609109 -0.8041617 -0.36833566 0.46652815
-0.5755399 0.6821282 -0.451052 -0.15592134 -0.63298565 -0.75829905 -0.802768 -0.3661066 0.4706649
-0.5736544 0.6823005 -0.45318818 -0.1580514 -0.63509387 -0.75609213 -0.80370045 -0.36211237 0.47216108
-0.572638 0.68117654 -0.456155 -0.15933345 -0.6382904 -0.7531256 -0.8041722 -0.35859126 0.4740415
-0.5701138 0.68034095 -0.46054262 -0.15871248 -0.64122105 -0.7507636 -0.8060862 -0.3549305 0.47354552
-0.5681239 0.6800907 -0.4633625 -0.15812875 -0.6427881 -0.74954575 -0.8076045 -0.35256752 0.47272313
-0.56058836 0.6841451 -0.4665608 -0.16030803 -0.642424 -0.749395 -0.81242627 -0.34531218 0.46980745
-0.55047095 0.6906512 -0.4690153 -0.16332686 -0.6400368 -0.7507844 -0.8187186 -0.33668572 0.46512178
-0.536572 0.7003825 -0.4706883 -0.16683528 -0.63483053 -0.75442433 -0.82719433 -0.32627907 0.45747912
-0.52594036 0.7074923 -0.47205317 -0.16764203 -0.63036996 -0.75797737 -0.83383256 -0.3195185 0.4501408
-0.5230781 0.708898 -0.47312343 -0.16771911 -0.62989604 -0.7583543 -0.83561546 -0.3173303 0.44837895
-0.52089655 0.70846313 -0.47617182 -0.16801351 -0.6320153 -0.7565237 -0.836918 -0.31407088 0.44824445
-0.5197627 0.7073678 -0.4790303 -0.16768539 -0.6342958 -0.7546855 -0.8376882 -0.3119346 0.44829708
-0.51962817 0.7062686 -0.4807949 -0.16603026 -0.6354861 -0.7540499 -0.83810127 -0.31200263 0.44747698
-0.51735365 0.7067902 -0.48247808 -0.16362557 -0.6350993 -0.754901 -0.83997905 -0.31160864 0.44421858
-0.51820624 0.7060129 -0.4827011 -0.16230892 -0.6353299 -0.7549911 -0.8397088 -0.3128981 0.44382283
